201,0.5828574203574204
202,0.6615454545454544
203,0.5008333333333334
204,0.5578653846153847
205,0.5245833333333334
206,0.6654066985645932
207,0.6120634920634921
208,0.5937
209,0.5561965811965811
210,0.6034358974358974
211,0.5646166796166797
212,0.5542857142857143
213,0.6246428571428572
214,0.6097058823529411
215,0.5773796296296295
216,0.5335833333333334
217,0.5070271164021164
218,0.5524955436720143
301,0.6629100529100529
302,0.6964801587301587
303,0.6269131652661065
304,0.7004464285714287
305,0.7240624999999998
306,0.7004629629629631
307,0.7074444444444445
308,0.6452380952380952
309,0.7035
310,0.7535353535353534
401,0.5968005952380953
402,0.6337962962962963
403,0.5732306255835669
404,0.5609047619047618
405,0.5698708521870287
406,0.6770833333333334
407,0.6388653846153846
408,0.659047619047619
409,0.5243499999999999
410,0.5452691511387164
411,0.7224479166666666
412,0.5437147921522921
413,0.6068917748917749
414,0.5877777777777777
501,0.631326530612245
502,0.693
503,0.6905555555555556
101,0.6883124999999999
102,0.6481060606060605
103,0.6984126984126985
104,0.6564835164835165
105,0.6752645502645503
106,0.7148412698412699
107,0.6261619047619048
108,0.6294444444444444
109,0.5826220238095238
110,0.5352936507936508
