101,0.5378726828726829
102,0.5421136363636363
103,0.4361111111111111
104,0.5412115384615386
105,0.48510416666666667
106,0.5897846889952154
107,0.5879047619047619
108,0.4915666666666667
109,0.49239316239316244
110,0.6141282051282051
201,0.5997448847448849
202,0.5424735449735449
203,0.6308333333333332
204,0.5823529411764705
205,0.6117453703703704
206,0.47786904761904764
207,0.428587962962963
208,0.5457486631016043
209,0.6012169312169312
210,0.6470555555555556
211,0.5403006535947713
212,0.6755357142857144
213,0.681875
214,0.6508068783068783
215,0.6841111111111111
216,0.5191269841269841
217,0.6519999999999999
218,0.7429040404040403
301,0.7017708333333335
302,0.6046296296296295
303,0.6352287581699346
304,0.6941904761904762
305,0.6732937405731523
306,0.7581249999999999
307,0.6663956043956044
308,0.6614891774891775
309,0.59155
310,0.5909006211180124
401,0.69015625
402,0.529085971898472
403,0.5583304473304473
404,0.5670000000000001
405,0.6287074829931972
406,0.6598999999999999
407,0.6827777777777779
408,0.6435454545454546
409,0.5994848484848485
410,0.6498412698412698
411,0.6073260073260073
412,0.5983862433862434
413,0.6677777777777778
414,0.5766666666666667
501,0.5684126984126985
502,0.5665535714285714
503,0.46411111111111114
